Full Color List:
[[205, 241, 0], [198, 236, 0], [183, 221, 0], [181, 216, 1], [179, 217, 48], [195, 232, 60], [200, 239, 76], [202, 239, 2], [198, 232, 2]]
[[0, 85, 218], [0, 77, 203], [0, 69, 191], [0, 68, 188], [0, 86, 194], [0, 96, 208], [0, 105, 219], [0, 84, 213], [0, 79, 202]]
[[187, 34, 62], [176, 28, 56], [159, 26, 47], [159, 25, 49], [158, 58, 79], [175, 68, 90], [182, 80, 101], [186, 38, 67], [177, 29, 59]]
[[0, 169, 133], [0, 153, 119], [0, 138, 108], [0, 136, 107], [0, 145, 123], [0, 160, 136], [0, 174, 150], [0, 164, 130], [0, 153, 121]]
[[230, 155, 54], [220, 139, 45], [205, 121, 30], [205, 124, 42], [204, 133, 75], [218, 146, 85], [224, 160, 96], [227, 148, 55], [221, 137, 51]]
[[240, 242, 239], [240, 242, 239], [240, 242, 239], [239, 241, 240], [239, 241, 240], [240, 242, 239], [240, 242, 239], [240, 242, 239], [240, 241, 239]]

RGB List:
[[2, 96, 199], [217, 228, 0], [221, 120, 13], [232, 242, 239], [231, 242, 240], [191, 69, 76], [234, 152, 75], [6, 92, 191], [217, 224, 0]]
[[209, 219, 217], [3, 144, 112], [4, 73, 168], [148, 34, 53], [1, 141, 115], [176, 124, 84], [31, 158, 143], [191, 203, 203], [4, 82, 184]]
[[237, 153, 48], [0, 83, 199], [188, 218, 0], [0, 74, 179], [161, 62, 77], [236, 241, 240], [170, 84, 97], [0, 89, 204], [180, 33, 56]]
[[0, 172, 126], [0, 154, 114], [166, 31, 45], [210, 241, 240], [5, 90, 184], [224, 147, 86], [235, 241, 238], [234, 145, 53], [0, 152, 113]]
[[204, 241, 0], [198, 235, 0], [0, 144, 112], [0, 139, 109], [159, 62, 80], [191, 225, 63], [215, 155, 101], [230, 146, 59], [224, 138, 52]]
[[239, 242, 239], [200, 232, 7], [185, 216, 6], [162, 32, 54], [0, 89, 190], [0, 160, 133], [203, 238, 79], [189, 50, 72], [239, 241, 240]]

Boundary List:
[[148.0, 185.0, 0], [238.0, 255, 66.0]]
[[0, 38.0, 159.0], [45.0, 128.0, 249.0]]
[[128.0, 0, 23.0], [218.0, 88.0, 113.0]]
[[0, 110.0, 80.0], [45.0, 200.0, 170.0]]
[[172.0, 95.0, 14.0], [255, 185.0, 104.0]]
[[165.0, 167.0, 164.0], [255, 255, 255]]

Color List:
[0, 0, 0, 0, 0, 0, -1, 0, 0]
[1, 1, 1, 1, 1, 1, 1, 1, 1]
[2, 2, 2, 2, 2, 2, 2, 2, 2]
[3, 3, 3, 3, 3, 3, 3, 3, 3]
[4, 4, 4, 4, 4, 4, 4, 4, 4]
[5, 5, 5, 5, 5, 5, 5, 5, 5]

Color List 2:
[1, 0, -1, 5, 5, 2, 4, 1, 0]
[5, 3, 1, 2, 3, 4, 3, 5, 1]
[4, 1, 0, 1, 2, 5, 2, 1, 2]
[3, 3, 2, 5, 1, 4, 5, 4, 3]
[0, 0, 3, 3, 2, 0, 4, 4, 4]
[5, 0, 0, 2, 1, 3, -1, 2, 5]
